23
869962 P96745362U AA111SM 15 2 3 2024 1709337600 1710630000 1500.000
331384 K12345678T AA123BC 5 23 8 2023 1692748800 1693177200 350.000
296132 P96745362U AA209XR 45 7 8 2023 1691366400 1695250800 11250.000
628797 Z42647896Y AA293TR 4 2 1 2024 1704153600 1704495600 200.000
621899 T87654321S AA437XJ 10 10 10 2023 1696896000 1697756400 450.000
179772 Z41263748Y AA447PT 3 3 10 2023 1696291200 1696546800 255.000
721393 H23456789P AA455VT 60 1 11 2023 1698796800 1703977200 1800.000
914676 T87654321S AA461OL 14 9 6 2023 1686268800 1687474800 833.000
824237 G24356456I AA491SC 31 1 7 2023 1688169600 1690844400 1116.000
492865 L54367895J AA581WX 5 5 9 2023 1693872000 1694300400 200.000
997576 R32456758U AA777BR 9 3 7 2023 1688342400 1689116400 630.000
833814 H23456789P AA777BR 14 12 7 2023 1689120000 1690326000 833.000
784191 K12345678T AA777BR 1 1 8 2023 1690848000 1690930800 70.000
895124 P96745362U AA812TR 7 21 6 2023 1687305600 1687906800 472.500
452591 N98765432D AA812TR 7 4 7 2023 1688428800 1689030000 472.500
726237 N98765432D AA812TR 3 16 8 2023 1692144000 1692399600 225.000
134837 P96745362U AA812TR 2 30 12 2023 1703894400 1704063600 150.000
412179 R32456758U AA831MT 10 9 6 2023 1686268800 1687129200 500.000
361972 T87654321S AA831MT 9 25 2 2024 1708819200 1709593200 450.000
668422 H23456789P AA926PL 8 10 6 2023 1686355200 1687042800 360.000
555995 T87654321S AA926PL 30 10 9 2023 1694304000 1696892400 1080.000
379952 P96745362U AA926PL 14 8 3 2024 1709856000 1711062000 535.500
813657 P96745362U AA942FG 9 14 8 2023 1691971200 1692745200 765.000
